all : compile test1 test2 test3 test4

compile :
		gcc -Wall -Wextra -Werror -o pushswap *.c

debug :
		gcc -o test *.c -g

test1 :
		./pushswap 386 414 481 73 209 357 438 397 267 32 40 482 212 175 115 172 169 312 206 478 356 168 130 292 230 332 235 427 181 422 247 45 100 163 180 331 129 107 287 371 405 377 306 2 347 415 51 304 276 451 349 31 274 410 354 483 197 109 11 147 326 233 327 86 265 342 92 211 368 466 71 259 338 494 329 486 116 59 359 119 277 360 262 465 433 101 104 448 43 458 314 394 106 383 452 419 372 199 401 256 173 27 132 364 355 151 156 94 402 281 28 340 500 421 351 299 476 412 242 93 29 64 393 341 278 177 12 442 81 320 333 269 221 391 26 358 399 275 301 339 472 134 6 453 431 321 330 430 305 75 293 182 95 170 1 407 113 279 493 178 185 496 283 126 58 428 9 324 56 246 254 112 179 319 444 96 140 232 498 220 248 443 322 174 167 204 47 296 398 469 110 264 191 218 285 245 447 454 77 38 479 198 392 468 404 223 85 456 224 162 258 195 441 271 159 150 18 492 382 146 225 125 467 344 161 44 184 82 166 137 270 141 272 439 183 213 460 229 22 288 474 139 316 35 149 84 60 365 379 135 20 205 308 89 488 446 376 68 252 128 475 337 24 123 311 317 120 108 380 261 21 249 99 307 425 111 366 66 343 124 303 461 286 30 328 238 413 302 39 362 70 90 50 186 471 127 131 423 61 291 255 459 102 219 284 34 473 118 273 69 76 350 37 373 23 240 158 485 282 215 294 136 353 53 165 227 153 192 345 289 420 396 234 489 253 171 87 455 432 361 144 298 370 464 14 187 207 495 241 10 3 384 260 25 424 268 208 231 313 395 418 4 114 381 323 406 196 336 52 440 346 462 65 193 226 17 490 318 411 367 216 334 155 487 388 222 309 201 352 369 79 160 477 463 33 117 91 378 480 16 42 217 152 15 387 105 239 88 445 295 80 499 390 228 244 49 497 83 0 138 142 48 54 203 214 257 103 55 164 450 417 145 13 62 157 8 416 374 154 19 263 251 400 143 148 280 190 236 457 434 78 194 409 72 176 122 385 41 210 375 243 57 348 335 290 491 363 470 429 98 403 188 202 36 325 484 449 297 426 237 310 46 63 266 315 67 121 435 408 250 389 436 5 189 74 133 7 437 97 300 > out5001
		
test2 :
		./pushswap 418 346 204 93 115 273 493 247 97 350 23 145 258 318 412 474 366 18 195 233 222 84 359 42 488 206 475 15 35 197 48 351 161 308 143 485 303 89 64 309 386 122 248 460 44 230 322 458 217 453 404 272 0 83 5 361 365 163 389 151 402 373 236 8 176 394 364 449 295 372 16 103 459 117 413 131 78 337 190 127 100 81 414 275 80 205 234 446 216 167 219 340 137 91 82 43 329 250 71 328 305 345 107 429 499 251 192 199 202 385 49 210 200 348 173 209 14 358 362 2 434 7 99 90 87 387 154 384 435 409 314 281 242 431 334 382 96 333 116 110 326 317 142 438 239 203 325 168 187 300 439 461 497 304 452 255 191 360 59 227 41 178 291 378 40 56 240 26 181 65 79 101 371 61 355 126 261 321 50 279 11 141 270 376 224 121 483 186 487 464 58 427 264 253 467 473 113 77 379 63 136 455 289 6 120 307 169 320 183 285 383 30 276 75 398 92 72 339 180 67 368 496 448 244 36 147 32 462 323 262 415 292 134 166 157 338 125 293 469 21 160 130 480 38 70 54 417 451 85 390 68 363 108 226 228 114 408 4 463 405 290 9 95 164 184 437 170 265 118 249 232 263 380 211 269 454 213 377 486 400 369 410 27 155 231 315 215 267 158 146 388 156 150 207 450 395 357 256 198 312 282 31 274 335 466 472 24 492 440 10 392 287 423 254 271 478 175 277 162 288 3 407 193 393 60 286 69 201 138 477 243 20 119 218 482 86 223 144 128 444 403 495 133 324 237 421 401 327 171 19 491 33 17 140 430 319 51 356 489 111 98 442 220 456 341 212 29 426 420 62 471 284 104 165 245 428 221 470 52 302 381 465 132 425 57 214 208 246 416 1 74 443 94 342 129 159 47 370 432 422 124 353 266 172 316 479 311 174 490 185 500 468 445 397 396 179 105 182 375 297 109 46 301 241 22 278 484 189 259 298 225 406 66 349 494 260 177 37 135 344 367 268 73 149 280 152 235 76 354 498 13 139 28 481 196 112 299 229 102 153 55 252 352 106 332 194 476 330 441 347 12 310 436 25 419 88 296 391 343 306 331 447 433 148 257 123 424 399 457 374 39 313 238 188 411 336 34 283 294 45 > out5002
		
test3 :
		./pushswap 10 3 18 12 1 19 2 4 11 0 8 5 13 6 15 9 7 17 16 20 > out20

test4 :
		./pushswap 69 78 3 24 21 64 17 87 26 82 81 15 8 90 72 56 85 77 38 59 19 100 29 12 27 98 31 57 34 22 14 52 48 94 5 32 25 33 35 7 79 93 41 43 6 1 86 91 96 66 80 54 53 51 89 73 70 0 55 18 28 68 67 36 83 49 65 11 45 88 37 61 84 44 99 23 10 76 46 63 97 13 74 16 62 9 95 42 39 20 71 75 60 40 47 50 2 92 30 58 > out100

macclean :
		-rm -f *.c
		-rm -f *.exe

winclean :
		-del -f *.c
		-del -f *.exe
	
norm	:
		norminette *.